MEMORY
  total           13743 KB
  struct            159 KB
  buffer            272 KB
  arena           13312 KB, used 0.0%

SIZES
  narena                13631488
  nbuffer               278880
  nplugin               0
  maxuse_stack          1680
  maxuse_arena          1680
  maxuse_con            0
  maxuse_efc            0
  ncon                  0
  ne                    0
  nf                    0
  nl                    0
  nefc                  0
  nJ                    0
  nA                    0
  nisland               0
  nidof                 0
  ntree_awake           1
  nbody_awake           10
  nparent_awake         9
  nv_awake              6
  flg_energypos         0
  flg_energyvel         0
  flg_subtreevel        0
  flg_rnepost           0
  threadpool            0

TIMER
    0:  duration =  0.15       number = 1
    1:  duration =  0.15       number = 4
    2:  duration =  0          number = 0
    3:  duration =  0.12       number = 4
    4:  duration =  0.012      number = 4
    5:  duration =  0.0044     number = 4
    6:  duration =  0.00056    number = 4
    7:  duration =  0          number = 0
    8:  duration =  0.022      number = 4
    9:  duration =  0.0061     number = 4
    10:  duration =  0.083      number = 4
    11:  duration =  0.0081     number = 4
    12:  duration =  0.00046    number = 4
    13:  duration =  0.018      number = 4
    14:  duration =  0.015      number = 4

ENERGY =   0         0       

TIME =  8.2     

QPOS
   2.4e-19 
  -1.5     
   1.5     
  -1.5     
  -1.5     
   9.5e-23 

QVEL
  -1.5e-17 
  -5.4e-14 
   5.4e-14 
  -5.3e-14 
  -5.3e-14 
  -4.8e-20 

QACC_WARMSTART
  -3.8e-14 
  -1.7e-13 
   4.9e-13 
  -1.6e-13 
  -3.6e-13 
  -2.3e-17 

CTRL
   0       
  -1.5     
   1.5     
  -1.5     
  -1.5     
   0       

QFRC_APPLIED
   0       
   0       
   0       
   0       
   0       
   0       

XFRC_APPLIED
   0         0         0         0         0         0       
   0         0         0         0         0         0       
   0         0         0         0         0         0       
   0         0         0         0         0         0       
   0         0         0         0         0         0       
   0         0         0         0         0         0       
   0         0         0         0         0         0       
   0         0         0         0         0         0       
   0         0         0         0         0         0       
   0         0         0         0         0         0       

QACC
  -3.8e-14 
  -1.7e-13 
   4.9e-13 
  -1.6e-13 
  -3.6e-13 
  -2.3e-17 

TREE_ASLEEP
  -11

XPOS
   0         0         0       
   0         0         0       
   0         0         0.15    
   3.2e-20  -0.12      0.15    
  -0.017    -0.027     0.4     
  -0.23     -0.027     0.39    
  -0.23     -0.13      0.39    
  -0.31     -0.13      0.38    
  -0.1      -0.4       0.3     
  -0.1      -0.3       0.3     

XQUAT
   1         0         0         0       
   0         0         0        -1       
   1.3e-19   0         0        -1       
   1.3e-19   0.034     4.5e-21  -1       
   9.2e-20   0.71      9.4e-20  -0.7     
   8.9e-20   0.74      9.7e-20  -0.68    
  -0.46      0.54      0.5      -0.49    
  -0.46      0.54      0.5      -0.49    
   1         0         0         0       
   1         0         0         0       

XMAT
   1         0         0         0         1         0         0         0         1       
  -1         0         0         0        -1        -0        -0         0         1       
  -1         2.6e-19   0        -2.6e-19  -1        -0        -0         0         1       
  -1         2.6e-19  -0.068    -2.6e-19  -1        -1.8e-20  -0.068     1.5e-36   1       
   0.02      2.6e-19  -1         5.2e-21  -1        -2.6e-19  -1        -2.4e-35  -0.02    
   0.085     2.6e-19  -1         2.2e-20  -1        -2.6e-19  -1        -2.4e-35  -0.085   
   0.0052    0.085    -1         1        -0.061     5.6e-17  -0.06     -0.99     -0.085   
   0.0052    0.085    -1         1        -0.061     5.6e-17  -0.06     -0.99     -0.085   
   1         0         0         0         1         0         0         0         1       
   1         0         0         0         1         0         0         0         1       

XIPOS
   0         0         0       
   0         0         0       
   0         0         0.15    
  -0.0083   -0.12      0.27    
  -0.12     -0.027     0.39    
  -0.23     -0.13      0.39    
  -0.31     -0.13      0.38    
  -0.31     -0.14      0.31    
  -0.1      -0.4       0.3     
  -0.1      -0.3       0.3     

XIMAT
   1         0         0         0         1         0         0         0         1       
  -1         0         0         0        -1        -0        -0         0         1       
  -1         2.6e-19   0        -2.6e-19  -1        -0        -0         0         1       
  -1         2.6e-19  -0.068    -2.6e-19  -1        -1.8e-20  -0.068     1.5e-36   1       
   0.02      2.6e-19  -1         5.2e-21  -1        -2.6e-19  -1        -2.4e-35  -0.02    
   0.085     2.6e-19  -1         2.2e-20  -1        -2.6e-19  -1        -2.4e-35  -0.085   
   0.0052    0.085    -1         1        -0.061     5.6e-17  -0.06     -0.99     -0.085   
   0.085    -0.0052   -1        -0.061    -1         1e-16    -0.99      0.06     -0.085   
   1         0         0         0         1         0         0         0         1       
   1         0         0         0         1         0         0         0         1       

XANCHOR
   0         0         0.15    
   3.2e-20  -0.12      0.15    
  -0.017    -0.027     0.4     
  -0.23     -0.027     0.39    
  -0.23     -0.13      0.39    
  -0.31     -0.13      0.38    

XAXIS
   0         0         1       
   2.6e-19  -1         0       
   2.6e-19  -1         1.5e-36 
   2.6e-19  -1        -4.4e-35 
  -1        -2.6e-19  -0.085   
   0.085    -0.061    -0.99    

GEOM_XPOS
   0         0         0       
   1e-06     7.1e-07   0.031   
  -3.5e-06  -6.5e-06   0.091   
   3.1e-06   0.0048    0.19    
  -2.4e-06  -0.059     0.15    
   4.5e-08  -0.0022    0.13    
   0         0         0.12    
  -0.012    -0.1       0.32    
  -0.0079   -0.16      0.27    
  -0.0076   -0.099     0.26    
  -0.0073   -0.11      0.26    
   2.1e-20  -0.08      0.15    
  -0.0081   -0.12      0.27    
  -0.23      0.0091    0.39    
  -0.13     -0.027     0.39    
  -0.18     -0.045     0.39    
  -0.13     -0.038     0.39    
  -0.017    -0.089     0.4     
  -0.13     -0.027     0.39    
  -0.24     -0.13      0.39    
  -0.19     -0.13      0.39    
  -0.27     -0.13      0.39    
  -0.23     -0.072     0.39    
  -0.31     -0.13      0.37    
  -0.31     -0.13      0.34    
  -0.32     -0.13      0.42    
  -0.26     -0.13      0.39    
  -0.31     -0.13      0.37    
  -0.31     -0.14      0.31    
  -0.31     -0.14      0.31    
  -0.1      -0.4       0.3     
  -0.1      -0.3       0.3     

GEOM_XMAT
   1         0         0         0         1         0         0         0         1       
  -3.1e-06  -0.41     -0.91     -1.4e-05   0.91     -0.41      1         1.1e-05  -8.4e-06 
  -3.5e-05  -0.3      -0.95     -1.1e-05   0.95     -0.3       1        -5.6e-17  -3.7e-05 
   1.9e-05   1        -0.0063    0.3       0.006     0.95      0.95     -0.0019   -0.3     
   0         0.56     -0.83     -1         0         0         0         0.83      0.56    
  -0.00048   1        -0.00053  -0.71     -0.00071  -0.7      -0.7       3.9e-05   0.71    
  -1         2.6e-19   0        -2.6e-19  -1        -0        -0         0         1       
  -0.019     1        -0.065    -0.96     -0.00065   0.28      0.28      0.068     0.96    
   0.00059   1        -0.068    -1         0.00065   0.00077   0.00082   0.068     1       
  -1         0.012    -0.068    -0.01     -1        -0.031    -0.068    -0.031     1       
  -0.011     1        -0.064    -0.95     -0.031    -0.31     -0.32      0.058     0.95    
  -1        -0.068     0         0         0         1        -0.068     1         0       
  -1         2.6e-19  -0.068    -2.6e-19  -1        -1.8e-20  -0.068     1.5e-36   1       
   0.19     -0.93     -0.31     -0.98     -0.18     -0.06      0.00052   0.31     -0.95    
   0.016     0.013    -1         0.59     -0.81     -0.0012   -0.81     -0.59     -0.021   
   0.018     0.31     -0.95      0.0051   -0.95     -0.31     -1         0.00069  -0.018   
   0.02      0.022    -1        -0.0051   -1        -0.022    -1         0.0055   -0.02    
   0.02     -1         0         0         0         1        -1        -0.02      0       
   0.02      2.6e-19  -1         5.2e-21  -1        -2.6e-19  -1        -2.4e-35  -0.02    
   0.65     -0.2      -0.73     -0.72      0.13     -0.68      0.23      0.97     -0.062   
  -0.98      0.18      0.092     0.18      0.98      0.035    -0.085     0.051    -1       
  -1         0.00019   0.085     0.00019   1         3.2e-20  -0.085     1.6e-05  -1       
   0.085    -1         0         0         0         1        -1        -0.085     0       
  -0.99     -0.015     0.12      0.016    -1         0.0056    0.12      0.0075    0.99    
   0.085    -0.96     -0.28     -0.061    -0.29      0.96     -0.99     -0.064    -0.083   
   0.22      0.22     -0.95     -0.073    -0.97     -0.25     -0.97      0.12     -0.2     
   0.0052    0.085    -1         1        -0.061     5.6e-17  -0.06     -0.99     -0.085   
   0.0052   -1        -0.085     1         2.2e-16   0.061    -0.06     -0.085     0.99    
   0.092    -0.011    -1        -0.061    -1         0.0051   -0.99      0.06     -0.092   
   0.0052   -1        -0.085     1         2.2e-16   0.061    -0.06     -0.085     0.99    
   1         0         0         0         1         0         0         0         1       
   1         0         0         0         1         0         0         0         1       

SITE_XPOS
  -0.31     -0.14      0.29    

SITE_XMAT
   0.0052    0.085    -1         1        -0.061     5.6e-17  -0.06     -0.99     -0.085   

LIGHT_XPOS
   0        -1         2       
   0         0         1.5     

LIGHT_XDIR
  -0.16      0.45     -0.88    
   0         0        -1       

SUBTREE_COM
  -0.082    -0.21      0.26    
  -0.068    -0.066     0.23    
  -0.084    -0.081     0.29    
  -0.11     -0.11      0.33    
  -0.22     -0.091     0.38    
  -0.28     -0.13      0.37    
  -0.31     -0.13      0.36    
  -0.31     -0.14      0.31    
  -0.1      -0.4       0.3     
  -0.1      -0.3       0.3     

CDOF
   0         0         1         0.066    -0.068     0       
   2.6e-19  -1         0        -0.08     -2.1e-20  -0.068   
   2.6e-19  -1         1.5e-36   0.16      4.3e-20  -0.052   
   2.6e-19  -1        -4.4e-35   0.16      4.2e-20   0.16    
  -1        -2.6e-19  -0.085     0.0055   -0.17     -0.065   
   0.085    -0.061    -0.99      0.074    -0.23      0.02    

CINERT
   0         0         0         0         0         0         0         0         0         0       
   0.12      0.12      0.024    -0.009     0.032     0.031     0.14      0.13     -0.46      2       
   0.03      0.03      0.024    -0.009     0.011     0.011     0.14      0.13     -0.16      2       
   0.038     0.04      0.032     0.011    -0.0078    0.0077    0.2      -0.18      0.14      3.4     
   0.038     0.043     0.012     0.0027    0.011    -0.0079   -0.069     0.049     0.2       1.3     
   0.026     0.043     0.026    -0.0084    0.02      0.0083   -0.13     -0.052     0.13      0.8     
   0.024     0.069     0.054    -0.013     0.03      0.0079   -0.2      -0.052     0.12      0.8     
   0.0041    0.022     0.022    -0.0058    0.0067    0.002    -0.084    -0.024     0.028     0.35    
   0.053     0.053     0.053     0         0         0         0         0         0         8       
   2.7e-08   4.2e-08   6.9e-08   0         0         0        -1.2e-21   0         0         8.4e-05 

ACTUATOR_LENGTH
   2.6e-19 
  -1.5     
   1.5     
  -1.5     
  -1.5     
   2.5e-22 

actuator_moment
--------
 x      |
  x     |
   x    |
    x   |
     x  |
      x |
--------

ACTUATOR_MOMENT
     0:  1       
     1:  1       
     2:  1       
     3:  1       
     4:  1       
     5:  1       

CRB
   0         0         0         0         0         0         0         0         0         0       
   0.28      0.37      0.19     -0.031     0.1       0.059     1.7e-16   1.1e-16  -2.8e-16   11      
   0.16      0.25      0.17     -0.022     0.071     0.028    -0.14     -0.13      0.46      8.6     
   0.13      0.22      0.15     -0.013     0.06      0.018    -0.27     -0.26      0.62      6.6     
   0.092     0.18      0.11     -0.024     0.068     0.01     -0.48     -0.079     0.48      3.2     
   0.054     0.13      0.1      -0.027     0.057     0.018    -0.41     -0.13      0.28      1.9     
   0.028     0.091     0.076    -0.019     0.037     0.0098   -0.28     -0.076     0.15      1.1     
   0.0041    0.022     0.022    -0.0058    0.0067    0.002    -0.084    -0.024     0.028     0.35    
   0.053     0.053     0.053     0         0         0         0         0         0         8       
   2.7e-08   4.2e-08   6.9e-08   0         0         0        -1.2e-21   0         0         8.4e-05 

QM
   0.38    
  -0.12      0.53    
   0.0058    0.16      0.26    
   0.0045    0.028     0.035     0.11    
   0.0075   -0.00044  -0.00045  -0.00013   0.1     
  -0.00018   1.1e-05   1.1e-05   1.1e-05  -3.5e-19   0.1     

M
     0:  0.38    
     0: -0.12       1:  0.53    
     0:  0.0058     1:  0.16       2:  0.26    
     0:  0.0045     1:  0.028      2:  0.035      3:  0.11    
     0:  0.0075     1: -0.00044    2: -0.00045    3: -0.00013    4:  0.1     
     0: -0.00018    1:  1.1e-05    2:  1.1e-05    3:  1.1e-05    4: -3.5e-19    5:  0.1     

QLD
     0:  0.35    
     0: -0.28       1:  0.43    
     0:  0.017      1:  0.61       2:  0.25    
     0:  0.039      1:  0.25       2:  0.31       3:  0.11    
     0:  0.072      1: -0.0043     2: -0.0043     3: -0.0012     4:  0.1     
     0: -0.0018     1:  0.00011    2:  0.00011    3:  0.00011    4: -3.5e-18    5:  0.1     

QLDIAGINV
   2.9     
   2.4     
   3.9     
   8.7     
   9.6     
   10      

TREE_AWAKE
  1

BODY_AWAKE
  -1 -1 1 1 1 1 1 1 -1 -1

BODY_AWAKE_IND
  0 1 2 3 4 5 6 7 8 9

PARENT_AWAKE_IND
  1 2 3 4 5 6 7 8 9

DOF_AWAKE_IND
  0 1 2 3 4 5

ACTUATOR_VELOCITY
  -2.1e-17 
  -5.4e-14 
   5.4e-14 
  -5.2e-14 
  -5.3e-14 
  -1.6e-19 

CVEL
   0         0         0         0         0         0       
   0         0         0         0         0         0       
   0         0        -2.1e-17  -1.4e-18   1.4e-18   0       
  -1.4e-32   5.4e-14  -2.1e-17   4.3e-15   1.4e-18   3.7e-15 
   6.8e-35  -2.6e-16  -2.1e-17   1.3e-14   1.4e-18   8.7e-16 
  -1.4e-32   5.2e-14  -2.1e-17   4.8e-15   1.4e-18  -7.5e-15 
   5.3e-14   5.2e-14   4.5e-15   4.5e-15   9.1e-15  -4.1e-15 
   5.3e-14   5.2e-14   4.5e-15   4.5e-15   9.1e-15  -4.1e-15 
   0         0         0         0         0         0       
   0         0         0         0         0         0       

CDOF_DOT
   0         0         0         0         0         0       
  -2.1e-17  -5.5e-36  -0        -4.4e-37   1.7e-18   1.4e-18 
  -2.1e-17  -5.5e-36   5.5e-48   8.9e-16  -3.4e-18  -1.3e-14 
  -2.1e-17  -5.5e-36   6.3e-48   8.3e-16  -3.3e-18  -1.3e-14 
  -4.4e-15   2.1e-17   5.2e-14  -3.4e-15   7.9e-15  -2.9e-16 
  -5.2e-14   5.3e-14  -7.6e-15  -7.2e-15   3.4e-15  -1.7e-14 

QFRC_BIAS
   4.9e-29 
  -7.1     
  -6.3     
  -0.93    
   0.015   
   0       

QFRC_SPRING
   0       
   0       
   0       
   0       
   0       
   0       

QFRC_DAMPER
   0       
   0       
   0       
   0       
   0       
   0       

QFRC_GRAVCOMP
   0       
   0       
   0       
   0       
   0       
   0       

QFRC_FLUID
   0       
   0       
   0       
   0       
   0       
   0       

QFRC_PASSIVE
   0       
   0       
   0       
   0       
   0       
   0       

SUBTREE_LINVEL
   0         0         0       
   0         0         0       
   0         0         0       
   0         0         0       
   0         0         0       
   0         0         0       
   0         0         0       
   0         0         0       
   0         0         0       
   0         0         0       

SUBTREE_ANGMOM
   0         0         0       
   0         0         0       
   0         0         0       
   0         0         0       
   0         0         0       
   0         0         0       
   0         0         0       
   0         0         0       
   0         0         0       
   0         0         0       

ACTUATOR_FORCE
   3.9e-15 
  -7.1     
  -6.3     
  -0.93    
   0.015   
   6.3e-18 

QFRC_ACTUATOR
   3.9e-15 
  -7.1     
  -6.3     
  -0.93    
   0.015   
   6.3e-18 

QFRC_SMOOTH
   3.9e-15 
  -8e-15   
   9.6e-14 
  -5.8e-15 
  -3.8e-14 
   6.3e-18 

QACC_SMOOTH
  -3.8e-14 
  -1.7e-13 
   4.9e-13 
  -1.6e-13 
  -3.6e-13 
  -2.3e-17 

QFRC_CONSTRAINT
   0       
   0       
   0       
   0       
   0       
   0       

QFRC_INVERSE
   0       
   0       
   0       
   0       
   0       
   0       

CACC
   0         0         0         0         0         0       
   0         0         0         0         0         0       
   0         0         0         0         0         0       
   0         0         0         0         0         0       
   0         0         0         0         0         0       
   0         0         0         0         0         0       
   0         0         0         0         0         0       
   0         0         0         0         0         0       
   0         0         0         0         0         0       
   0         0         0         0         0         0       

CFRC_INT
   0         0         0         0         0         0       
   0         0         0         0         0         0       
   0         0         0         0         0         0       
   0         0         0         0         0         0       
   0         0         0         0         0         0       
   0         0         0         0         0         0       
   0         0         0         0         0         0       
   0         0         0         0         0         0       
   0         0         0         0         0         0       
   0         0         0         0         0         0       

CFRC_EXT
   0         0         0         0         0         0       
   0         0         0         0         0         0       
   0         0         0         0         0         0       
   0         0         0         0         0         0       
   0         0         0         0         0         0       
   0         0         0         0         0         0       
   0         0         0         0         0         0       
   0         0         0         0         0         0       
   0         0         0         0         0         0       
   0         0         0         0         0         0       

